Confirmed,Deaths,Recovered,Active,Date
0,0,0,0,2020-01-22
0,0,0,0,2020-01-23
0,0,0,0,2020-01-24
0,0,0,0,2020-01-25
0,0,0,0,2020-01-26
0,0,0,0,2020-01-27
0,0,0,0,2020-01-28
0,0,0,0,2020-01-29
0,0,0,0,2020-01-30
0,0,0,0,2020-01-31
0,0,0,0,2020-02-01
0,0,0,0,2020-02-02
0,0,0,0,2020-02-03
0,0,0,0,2020-02-04
0,0,0,0,2020-02-05
0,0,0,0,2020-02-06
0,0,0,0,2020-02-07
0,0,0,0,2020-02-08
0,0,0,0,2020-02-09
0,0,0,0,2020-02-10
0,0,0,0,2020-02-11
0,0,0,0,2020-02-12
0,0,0,0,2020-02-13
0,0,0,0,2020-02-14
0,0,0,0,2020-02-15
0,0,0,0,2020-02-16
0,0,0,0,2020-02-17
0,0,0,0,2020-02-18
0,0,0,0,2020-02-19
0,0,0,0,2020-02-20
0,0,0,0,2020-02-21
0,0,0,0,2020-02-22
0,0,0,0,2020-02-23
1,0,0,1,2020-02-24
22,0,0,23,2020-02-25
10,0,0,33,2020-02-26
0,0,0,33,2020-02-27
3,0,0,36,2020-02-28
5,0,0,41,2020-02-29
6,0,0,47,2020-03-01
2,0,0,49,2020-03-02
0,0,0,49,2020-03-03
3,0,0,52,2020-03-04
3,0,0,55,2020-03-05
5,0,4,56,2020-03-06
25,0,0,81,2020-03-07
0,0,0,81,2020-03-08
10,0,10,81,2020-03-09
15,0,8,88,2020-03-10
85,0,13,160,2020-03-11
0,0,0,160,2020-03-12
0,0,9,151,2020-03-13
15,0,0,166,2020-03-14
4,0,16,154,2020-03-15
0,1,17,136,2020-03-16
14,0,4,146,2020-03-17
28,0,7,167,2020-03-18
22,0,12,177,2020-03-19
7,0,0,184,2020-03-20
20,0,25,179,2020-03-21
29,1,24,183,2020-03-22
43,0,0,226,2020-03-23
15,1,28,212,2020-03-24
27,1,0,238,2020-03-25
39,0,27,250,2020-03-26
8,0,23,235,2020-03-27
10,0,38,207,2020-03-28
23,0,7,223,2020-03-29
16,0,7,232,2020-03-30
52,0,16,268,2020-03-31
2,0,42,228,2020-04-01
74,0,44,258,2020-04-02
29,0,1,286,2020-04-03
16,0,41,261,2020-04-04
12,0,8,265,2020-04-05
56,0,27,294,2020-04-06
55,1,0,348,2020-04-07
12,0,19,341,2020-04-08
64,0,42,363,2020-04-09
38,1,20,380,2020-04-10
115,0,16,479,2020-04-11
96,0,3,572,2020-04-12
225,0,33,764,2020-04-13
167,1,54,876,2020-04-14
143,0,18,1001,2020-04-15
29,0,40,990,2020-04-16
40,0,22,1008,2020-04-17
33,0,30,1011,2020-04-18
108,0,4,1115,2020-04-19
26,0,10,1131,2020-04-20
66,0,15,1182,2020-04-21
54,0,242,994,2020-04-22
190,1,56,1127,2020-04-23
301,0,31,1397,2020-04-24
70,0,47,1420,2020-04-25
59,0,29,1450,2020-04-26
76,0,29,1497,2020-04-27
88,0,92,1493,2020-04-28
110,0,145,1458,2020-04-29
119,0,45,1532,2020-04-30
130,0,55,1607,2020-05-01
114,0,13,1708,2020-05-02
99,0,150,1657,2020-05-03
150,0,26,1781,2020-05-04
187,0,18,1950,2020-05-05
214,0,98,2066,2020-05-06
265,0,140,2191,2020-05-07
245,0,28,2408,2020-05-08
330,0,27,2711,2020-05-09
167,0,15,2863,2020-05-10
295,0,82,3076,2020-05-11
295,1,40,3330,2020-05-12
285,1,13,3601,2020-05-13
382,0,148,3835,2020-05-14
385,2,287,3931,2020-05-15
164,0,122,3973,2020-05-16
209,0,148,4034,2020-05-17
228,0,21,4241,2020-05-18
348,0,21,4568,2020-05-19
356,0,616,4308,2020-05-20
286,0,305,4289,2020-05-21
240,0,223,4306,2020-05-22
388,1,369,4324,2020-05-23
336,1,122,4537,2020-05-24
33,0,166,4404,2020-05-25
195,0,185,4414,2020-05-26
326,1,214,4525,2020-05-27
360,0,267,4618,2020-05-28
397,0,281,4734,2020-05-29
344,2,126,4950,2020-05-30
605,2,847,4706,2020-05-31
473,0,397,4782,2020-06-01
440,0,337,4885,2020-06-02
504,1,3,5385,2020-06-03
481,1,318,5547,2020-06-04
539,1,857,5228,2020-06-05
548,2,471,5303,2020-06-06
380,2,412,5269,2020-06-07
654,1,858,5064,2020-06-08
314,2,280,5096,2020-06-09
469,2,503,5060,2020-06-10
467,3,378,5146,2020-06-11
602,2,416,5330,2020-06-12
444,1,288,5485,2020-06-13
514,5,627,5367,2020-06-14
786,4,449,5700,2020-06-15
540,1,599,5640,2020-06-16
408,2,319,5727,2020-06-17
469,6,511,5679,2020-06-18
486,2,591,5572,2020-06-19
415,3,503,5481,2020-06-20
433,3,629,5282,2020-06-21
643,2,443,5480,2020-06-22
655,2,588,5545,2020-06-23
508,2,527,5524,2020-06-24
511,2,524,5509,2020-06-25
724,2,636,5595,2020-06-26
462,5,644,5408,2020-06-27
438,5,736,5105,2020-06-28
534,1,411,5227,2020-06-29
519,3,403,5340,2020-06-30
656,5,617,5374,2020-07-01
423,2,635,5160,2020-07-02
573,1,735,4997,2020-07-03
447,1,641,4802,2020-07-04
510,1,690,4621,2020-07-05
454,1,529,4545,2020-07-06
500,0,392,4653,2020-07-07
610,0,503,4760,2020-07-08
597,5,447,4905,2020-07-09
511,1,693,4722,2020-07-10
431,0,615,4538,2020-07-11
471,4,597,4408,2020-07-12
535,1,674,4268,2020-07-13
602,2,654,4214,2020-07-14
482,6,567,4123,2020-07-15
524,4,489,4154,2020-07-16
389,3,379,4161,2020-07-17
531,0,577,4115,2020-07-18
418,2,607,3924,2020-07-19
514,2,593,3843,2020-07-20
380,1,490,3732,2020-07-21
321,1,439,3613,2020-07-22
359,4,518,3450,2020-07-23
462,2,414,3496,2020-07-24
289,1,379,3405,2020-07-25
384,3,484,3302,2020-07-26
351,1,421,3231,2020-07-27
439,0,421,3249,2020-07-28
390,3,389,3247,2020-07-29
444,2,437,3252,2020-07-30
227,1,483,2995,2020-07-31
208,0,371,2832,2020-08-01
346,0,455,2723,2020-08-02
299,3,341,2678,2020-08-03
297,1,328,2646,2020-08-04
382,3,241,2784,2020-08-05
375,2,369,2788,2020-08-06
418,3,331,2872,2020-08-07
322,2,273,2919,2020-08-08
382,1,418,2882,2020-08-09
386,1,242,3025,2020-08-10
407,2,295,3135,2020-08-11
460,1,332,3262,2020-08-12
462,1,344,3379,2020-08-13
326,1,289,3415,2020-08-14
378,2,337,3454,2020-08-15
405,0,322,3537,2020-08-16
350,3,401,3483,2020-08-17
396,2,392,3485,2020-08-18
369,3,357,3494,2020-08-19
353,1,350,3496,2020-08-20
358,2,538,3314,2020-08-21
377,2,423,3266,2020-08-22
292,1,392,3165,2020-08-23
389,1,330,3223,2020-08-24
357,1,362,3217,2020-08-25
317,0,376,3158,2020-08-26
363,2,321,3198,2020-08-27
357,1,390,3164,2020-08-28
278,0,515,2927,2020-08-29
