Confirmed,Deaths,Recovered,Active,Date
0,0,0,0,2020-01-22
0,0,0,0,2020-01-23
0,0,0,0,2020-01-24
0,0,0,0,2020-01-25
0,0,0,0,2020-01-26
0,0,0,0,2020-01-27
0,0,0,0,2020-01-28
0,0,0,0,2020-01-29
0,0,0,0,2020-01-30
0,0,0,0,2020-01-31
0,0,0,0,2020-02-01
0,0,0,0,2020-02-02
0,0,0,0,2020-02-03
0,0,0,0,2020-02-04
0,0,0,0,2020-02-05
0,0,0,0,2020-02-06
0,0,0,0,2020-02-07
0,0,0,0,2020-02-08
0,0,0,0,2020-02-09
0,0,0,0,2020-02-10
0,0,0,0,2020-02-11
0,0,0,0,2020-02-12
0,0,0,0,2020-02-13
0,0,0,0,2020-02-14
0,0,0,0,2020-02-15
0,0,0,0,2020-02-16
0,0,0,0,2020-02-17
0,0,0,0,2020-02-18
0,0,0,0,2020-02-19
0,0,0,0,2020-02-20
0,0,0,0,2020-02-21
0,0,0,0,2020-02-22
0,0,0,0,2020-02-23
0,0,0,0,2020-02-24
0,0,0,0,2020-02-25
0,0,0,0,2020-02-26
0,0,0,0,2020-02-27
1,0,0,1,2020-02-28
0,0,0,1,2020-02-29
2,0,0,3,2020-03-01
3,0,0,6,2020-03-02
5,0,0,11,2020-03-03
15,0,0,26,2020-03-04
8,0,0,34,2020-03-05
9,0,0,43,2020-03-06
7,0,0,50,2020-03-07
0,0,0,50,2020-03-08
8,0,0,58,2020-03-09
11,0,1,68,2020-03-10
16,0,0,84,2020-03-11
18,0,0,102,2020-03-12
31,0,0,133,2020-03-13
22,0,0,155,2020-03-14
15,5,7,158,2020-03-15
9,-5,-8,180,2020-03-16
40,1,0,219,2020-03-17
30,0,5,244,2020-03-18
80,0,0,324,2020-03-19
79,-1,0,404,2020-03-20
64,1,17,450,2020-03-21
95,0,14,531,2020-03-22
20,0,0,551,2020-03-23
60,1,15,595,2020-03-24
89,0,5,679,2020-03-25
65,0,26,718,2020-03-26
88,0,15,791,2020-03-27
73,0,17,847,2020-03-28
57,0,21,883,2020-03-29
66,0,22,927,2020-03-30
49,0,41,935,2020-03-31
85,0,27,993,2020-04-01
99,2,59,1031,2020-04-02
45,0,25,1051,2020-04-03
53,0,87,1017,2020-04-04
69,0,32,1054,2020-04-05
76,2,32,1096,2020-04-06
24,0,99,1021,2020-04-07
30,0,74,977,2020-04-08
32,0,55,954,2020-04-09
27,1,63,917,2020-04-10
14,1,90,840,2020-04-11
12,0,48,804,2020-04-12
10,0,44,770,2020-04-13
9,0,56,723,2020-04-14
7,0,88,642,2020-04-15
12,0,67,587,2020-04-16
15,1,80,521,2020-04-17
6,0,67,460,2020-04-18
11,0,0,471,2020-04-19
2,1,71,401,2020-04-20
5,0,55,351,2020-04-21
7,0,45,313,2020-04-22
4,0,47,270,2020-04-23
0,0,33,237,2020-04-24
1,0,28,210,2020-04-25
2,0,38,174,2020-04-26
0,0,16,158,2020-04-27
3,0,12,149,2020-04-28
2,0,20,131,2020-04-29
0,0,14,117,2020-04-30
1,0,19,99,2020-05-01
0,0,17,82,2020-05-02
1,0,11,72,2020-05-03
0,0,6,66,2020-05-04
0,0,10,56,2020-05-05
0,0,17,39,2020-05-06
2,0,5,36,2020-05-07
0,0,10,26,2020-05-08
0,0,8,18,2020-05-09
0,0,0,18,2020-05-10
0,0,0,18,2020-05-11
0,0,3,15,2020-05-12
1,0,4,12,2020-05-13
0,0,0,12,2020-05-14
0,0,2,10,2020-05-15
0,0,4,6,2020-05-16
0,0,0,6,2020-05-17
0,0,0,6,2020-05-18
0,0,3,3,2020-05-19
1,0,0,4,2020-05-20
0,0,1,3,2020-05-21
0,0,1,2,2020-05-22
1,0,0,3,2020-05-23
0,0,0,3,2020-05-24
0,0,0,3,2020-05-25
0,0,1,2,2020-05-26
1,0,0,3,2020-05-27
0,0,0,3,2020-05-28
0,0,2,1,2020-05-29
1,0,0,2,2020-05-30
0,0,0,2,2020-05-31
0,0,0,2,2020-06-01
0,0,0,2,2020-06-02
0,0,0,2,2020-06-03
0,0,0,2,2020-06-04
0,0,0,2,2020-06-05
0,0,0,2,2020-06-06
1,0,0,3,2020-06-07
0,0,0,3,2020-06-08
0,0,0,3,2020-06-09
0,0,0,3,2020-06-10
0,0,0,3,2020-06-11
0,0,0,3,2020-06-12
1,0,0,4,2020-06-13
2,0,2,4,2020-06-14
1,0,1,4,2020-06-15
1,0,-1,6,2020-06-16
0,0,-3,9,2020-06-17
2,0,2,9,2020-06-18
1,0,2,8,2020-06-19
0,0,-3,11,2020-06-20
0,0,3,8,2020-06-21
0,0,0,8,2020-06-22
0,0,-1,9,2020-06-23
2,0,3,8,2020-06-24
1,0,-5,14,2020-06-25
2,0,5,11,2020-06-26
0,0,-2,13,2020-06-27
1,0,0,14,2020-06-28
1,0,1,14,2020-06-29
2,0,2,14,2020-06-30
1,0,-3,18,2020-07-01
5,0,6,17,2020-07-02
0,0,0,17,2020-07-03
0,0,-1,18,2020-07-04
0,0,-2,20,2020-07-05
2,0,-1,23,2020-07-06
1,0,2,22,2020-07-07
0,0,1,21,2020-07-08
0,0,1,20,2020-07-09
0,0,0,20,2020-07-10
0,0,3,17,2020-07-11
0,0,-6,23,2020-07-12
0,0,1,22,2020-07-13
2,0,3,21,2020-07-14
0,0,5,16,2020-07-15
1,0,1,16,2020-07-16
0,0,5,11,2020-07-17
2,0,-1,14,2020-07-18
1,0,1,14,2020-07-19
0,0,5,9,2020-07-20
0,0,1,8,2020-07-21
1,0,1,8,2020-07-22
1,0,1,8,2020-07-23
2,0,0,10,2020-07-24
0,0,0,10,2020-07-25
4,0,0,14,2020-07-26
7,0,0,21,2020-07-27
3,0,0,24,2020-07-28
4,0,0,28,2020-07-29
11,0,0,39,2020-07-30
13,0,2,50,2020-07-31
8,0,0,58,2020-08-01
14,0,0,72,2020-08-02
8,0,0,80,2020-08-03
3,0,0,83,2020-08-04
8,0,0,91,2020-08-05
6,0,0,97,2020-08-06
20,0,8,109,2020-08-07
3,0,0,112,2020-08-08
3,0,1,114,2020-08-09
4,0,4,114,2020-08-10
6,0,6,114,2020-08-11
4,0,3,115,2020-08-12
4,0,5,114,2020-08-13
7,0,9,112,2020-08-14
16,0,9,119,2020-08-15
12,0,10,121,2020-08-16
3,0,8,116,2020-08-17
13,0,7,122,2020-08-18
8,0,8,122,2020-08-19
5,0,10,117,2020-08-20
10,0,7,120,2020-08-21
8,0,16,112,2020-08-22
6,0,3,115,2020-08-23
9,0,7,117,2020-08-24
4,0,7,114,2020-08-25
5,0,4,115,2020-08-26
5,0,7,113,2020-08-27
5,0,0,118,2020-08-28
8,0,15,111,2020-08-29
