Confirmed,Deaths,Recovered,Active,Date
0,0,0,0,2020-01-22
0,0,0,0,2020-01-23
0,0,0,0,2020-01-24
0,0,0,0,2020-01-25
0,0,0,0,2020-01-26
0,0,0,0,2020-01-27
0,0,0,0,2020-01-28
0,0,0,0,2020-01-29
0,0,0,0,2020-01-30
0,0,0,0,2020-01-31
0,0,0,0,2020-02-01
0,0,0,0,2020-02-02
0,0,0,0,2020-02-03
0,0,0,0,2020-02-04
0,0,0,0,2020-02-05
0,0,0,0,2020-02-06
0,0,0,0,2020-02-07
0,0,0,0,2020-02-08
0,0,0,0,2020-02-09
0,0,0,0,2020-02-10
0,0,0,0,2020-02-11
0,0,0,0,2020-02-12
0,0,0,0,2020-02-13
0,0,0,0,2020-02-14
0,0,0,0,2020-02-15
0,0,0,0,2020-02-16
0,0,0,0,2020-02-17
0,0,0,0,2020-02-18
0,0,0,0,2020-02-19
0,0,0,0,2020-02-20
0,0,0,0,2020-02-21
0,0,0,0,2020-02-22
0,0,0,0,2020-02-23
0,0,0,0,2020-02-24
0,0,0,0,2020-02-25
0,0,0,0,2020-02-26
0,0,0,0,2020-02-27
0,0,0,0,2020-02-28
0,0,0,0,2020-02-29
0,0,0,0,2020-03-01
0,0,0,0,2020-03-02
0,0,0,0,2020-03-03
0,0,0,0,2020-03-04
0,0,0,0,2020-03-05
0,0,0,0,2020-03-06
0,0,0,0,2020-03-07
0,0,0,0,2020-03-08
0,0,0,0,2020-03-09
0,0,0,0,2020-03-10
0,0,0,0,2020-03-11
0,0,0,0,2020-03-12
4,0,0,4,2020-03-13
2,0,0,6,2020-03-14
3,0,0,9,2020-03-15
1,0,0,10,2020-03-16
23,0,0,33,2020-03-17
2,0,0,35,2020-03-18
9,0,0,44,2020-03-19
5,3,0,46,2020-03-20
4,-3,0,53,2020-03-21
7,0,0,60,2020-03-22
2,0,0,62,2020-03-23
10,0,0,72,2020-03-24
9,0,0,81,2020-03-25
30,1,2,108,2020-03-26
39,0,1,146,2020-03-27
78,0,13,211,2020-03-28
56,0,4,263,2020-03-29
18,0,1,280,2020-03-30
41,1,3,317,2020-03-31
37,1,2,351,2020-04-01
55,0,1,405,2020-04-02
29,3,2,429,2020-04-03
67,-1,7,490,2020-04-04
53,1,6,536,2020-04-05
78,0,4,610,2020-04-06
35,0,5,640,2020-04-07
30,1,3,666,2020-04-08
54,1,6,713,2020-04-09
31,2,4,738,2020-04-10
53,0,17,774,2020-04-11
86,0,18,842,2020-04-12
140,2,39,941,2020-04-13
141,2,65,1015,2020-04-14
63,2,37,1039,2020-04-15
107,1,37,1108,2020-04-16
144,0,70,1182,2020-04-17
69,0,30,1221,2020-04-18
61,0,23,1259,2020-04-19
176,2,47,1386,2020-04-20
143,0,42,1487,2020-04-21
140,0,26,1601,2020-04-22
154,1,45,1709,2020-04-23
193,5,44,1853,2020-04-24
119,0,42,1930,2020-04-25
116,0,36,2010,2020-04-26
118,0,38,2090,2020-04-27
192,0,54,2228,2020-04-28
111,0,45,2294,2020-04-29
264,0,47,2511,2020-04-30
195,0,56,2650,2020-05-01
260,0,63,2847,2020-05-02
63,2,99,2809,2020-05-03
129,2,89,2847,2020-05-04
156,0,106,2897,2020-05-05
217,1,129,2984,2020-05-06
156,0,110,3030,2020-05-07
256,1,113,3172,2020-05-08
141,0,145,3168,2020-05-09
115,0,165,3118,2020-05-10
117,1,133,3101,2020-05-11
72,0,149,3024,2020-05-12
138,0,185,2977,2020-05-13
154,0,123,3008,2020-05-14
118,2,176,2948,2020-05-15
161,0,273,2836,2020-05-16
307,0,276,2867,2020-05-17
594,1,213,3247,2020-05-18
0,0,129,3118,2020-05-19
218,0,136,3200,2020-05-20
265,0,109,3356,2020-05-21
685,0,253,3788,2020-05-22
0,0,118,3670,2020-05-23
612,0,138,4144,2020-05-24
438,0,163,4419,2020-05-25
0,2,98,4319,2020-05-26
335,0,155,4499,2020-05-27
272,0,132,4639,2020-05-28
356,0,157,4838,2020-05-29
450,1,163,5124,2020-05-30
476,2,184,5414,2020-05-31
450,1,183,5680,2020-06-01
263,3,354,5586,2020-06-02
496,4,299,5779,2020-06-03
0,4,366,5409,2020-06-04
245,0,297,5357,2020-06-05
199,1,232,5323,2020-06-06
183,3,241,5262,2020-06-07
165,0,0,5427,2020-06-08
215,5,639,4998,2020-06-09
245,6,330,4907,2020-06-10
553,0,248,5212,2020-06-11
0,3,236,4973,2020-06-12
366,3,0,5336,2020-06-13
258,4,359,5231,2020-06-14
696,4,200,5723,2020-06-15
350,7,259,5807,2020-06-16
335,9,273,5860,2020-06-17
0,3,145,5712,2020-06-18
902,13,346,6255,2020-06-19
446,5,260,6436,2020-06-20
507,2,226,6715,2020-06-21
499,7,261,6946,2020-06-22
534,7,356,7117,2020-06-23
520,2,368,7267,2020-06-24
465,4,338,7390,2020-06-25
569,10,328,7621,2020-06-26
0,16,190,7415,2020-06-27
1008,12,195,8216,2020-06-28
492,10,75,8623,2020-06-29
489,0,550,8562,2020-06-30
18757,0,501,26818,2020-07-01
1509,0,718,27609,2020-07-02
3145,0,499,30255,2020-07-03
1452,0,280,31427,2020-07-04
1403,0,304,32526,2020-07-05
1109,76,0,33559,2020-07-06
1376,0,438,34497,2020-07-07
0,0,18839,15658,2020-07-08
3688,0,0,19346,2020-07-09
1708,0,-2637,23691,2020-07-10
1798,0,1314,24175,2020-07-11
0,111,0,24064,2020-07-12
3502,0,2097,25469,2020-07-13
1759,0,2097,25131,2020-07-14
1674,0,1058,25747,2020-07-15
1707,0,1190,26264,2020-07-16
1808,0,0,28072,2020-07-17
0,0,0,28072,2020-07-18
3135,0,2773,28434,2020-07-19
1630,210,372,29482,2020-07-20
1685,0,3389,27778,2020-07-21
0,0,0,27778,2020-07-22
3333,0,2698,28413,2020-07-23
1740,0,1772,28381,2020-07-24
1494,0,563,29312,2020-07-25
1402,0,748,29966,2020-07-26
1526,0,1833,29659,2020-07-27
1544,208,2234,28761,2020-07-28
1472,0,1177,29056,2020-07-29
1414,0,1702,28768,2020-07-30
1289,0,1308,28749,2020-07-31
0,0,0,28749,2020-08-01
2295,0,1686,29358,2020-08-02
1158,0,2621,27895,2020-08-03
1062,265,1899,26793,2020-08-04
1060,0,1840,26013,2020-08-05
980,0,1809,25184,2020-08-06
907,0,929,25162,2020-08-07
872,0,664,25370,2020-08-08
741,0,250,25861,2020-08-09
722,0,1179,25404,2020-08-10
691,211,975,24909,2020-08-11
517,0,2079,23347,2020-08-12
476,0,0,23823,2020-08-13
439,0,3960,20302,2020-08-14
409,0,842,19869,2020-08-15
337,0,1219,18987,2020-08-16
267,0,1668,17586,2020-08-17
271,146,1841,15870,2020-08-18
244,0,164,15950,2020-08-19
256,0,1470,14736,2020-08-20
242,0,1792,13186,2020-08-21
230,0,1377,12039,2020-08-22
175,0,1509,10705,2020-08-23
184,0,807,10082,2020-08-24
173,108,585,9562,2020-08-25
168,0,723,9007,2020-08-26
165,0,540,8632,2020-08-27
150,0,635,8147,2020-08-28
126,0,247,8026,2020-08-29
