Confirmed,Deaths,Recovered,Active,Date
0,0,0,0,2020-01-22
0,0,0,0,2020-01-23
0,0,0,0,2020-01-24
0,0,0,0,2020-01-25
0,0,0,0,2020-01-26
0,0,0,0,2020-01-27
0,0,0,0,2020-01-28
0,0,0,0,2020-01-29
0,0,0,0,2020-01-30
0,0,0,0,2020-01-31
0,0,0,0,2020-02-01
0,0,0,0,2020-02-02
0,0,0,0,2020-02-03
0,0,0,0,2020-02-04
0,0,0,0,2020-02-05
0,0,0,0,2020-02-06
0,0,0,0,2020-02-07
0,0,0,0,2020-02-08
0,0,0,0,2020-02-09
0,0,0,0,2020-02-10
0,0,0,0,2020-02-11
0,0,0,0,2020-02-12
0,0,0,0,2020-02-13
0,0,0,0,2020-02-14
0,0,0,0,2020-02-15
0,0,0,0,2020-02-16
0,0,0,0,2020-02-17
0,0,0,0,2020-02-18
0,0,0,0,2020-02-19
0,0,0,0,2020-02-20
0,0,0,0,2020-02-21
0,0,0,0,2020-02-22
0,0,0,0,2020-02-23
0,0,0,0,2020-02-24
0,0,0,0,2020-02-25
0,0,0,0,2020-02-26
0,0,0,0,2020-02-27
0,0,0,0,2020-02-28
0,0,0,0,2020-02-29
0,0,0,0,2020-03-01
1,0,0,1,2020-03-02
0,0,0,1,2020-03-03
0,0,0,1,2020-03-04
0,0,0,1,2020-03-05
0,0,0,1,2020-03-06
0,0,0,1,2020-03-07
1,0,0,2,2020-03-08
4,0,0,6,2020-03-09
2,0,1,7,2020-03-10
2,0,0,9,2020-03-11
0,0,0,9,2020-03-12
7,0,0,16,2020-03-13
9,0,0,25,2020-03-14
4,0,0,29,2020-03-15
4,0,0,33,2020-03-16
15,0,0,48,2020-03-17
22,0,0,70,2020-03-18
15,0,0,85,2020-03-19
25,0,0,110,2020-03-20
13,0,0,123,2020-03-21
15,0,0,138,2020-03-22
41,0,0,179,2020-03-23
17,0,0,196,2020-03-24
24,0,0,220,2020-03-25
23,0,0,243,2020-03-26
36,0,0,279,2020-03-27
25,0,0,304,2020-03-28
42,0,0,346,2020-03-29
29,0,0,375,2020-03-30
22,0,0,397,2020-03-31
48,0,0,445,2020-04-01
12,0,30,427,2020-04-02
35,1,-30,491,2020-04-03
16,0,0,507,2020-04-04
24,0,0,531,2020-04-05
9,0,15,525,2020-04-06
6,1,0,530,2020-04-07
29,0,0,559,2020-04-08
12,1,0,570,2020-04-09
23,0,0,593,2020-04-10
18,0,0,611,2020-04-11
21,2,0,630,2020-04-12
4,0,0,634,2020-04-13
2,0,0,636,2020-04-14
9,0,28,617,2020-04-15
9,0,13,613,2020-04-16
7,0,31,589,2020-04-17
30,0,0,619,2020-04-18
15,0,0,634,2020-04-19
12,0,0,646,2020-04-20
9,4,45,606,2020-04-21
13,2,0,617,2020-04-22
17,0,0,634,2020-04-23
6,1,134,505,2020-04-24
20,0,0,525,2020-04-25
8,0,0,533,2020-04-26
6,1,0,538,2020-04-27
18,0,0,556,2020-04-28
13,2,81,486,2020-04-29
9,0,0,495,2020-04-30
12,1,0,506,2020-05-01
1,0,0,507,2020-05-02
8,0,0,515,2020-05-03
17,0,0,532,2020-05-04
0,1,0,531,2020-05-05
4,0,116,419,2020-05-06
9,1,0,427,2020-05-07
19,0,0,446,2020-05-08
2,0,0,448,2020-05-09
9,0,0,457,2020-05-10
7,0,0,464,2020-05-11
4,0,163,305,2020-05-12
1,1,0,305,2020-05-13
11,0,0,316,2020-05-14
8,0,35,289,2020-05-15
27,0,0,316,2020-05-16
11,0,0,327,2020-05-17
1,0,0,328,2020-05-18
3,2,32,297,2020-05-19
4,0,0,301,2020-05-20
9,1,0,309,2020-05-21
5,0,18,296,2020-05-22
16,0,0,312,2020-05-23
1,0,0,313,2020-05-24
2,0,0,315,2020-05-25
4,0,29,290,2020-05-26
4,1,0,293,2020-05-27
4,1,0,296,2020-05-28
3,0,4,295,2020-05-29
1,0,0,296,2020-05-30
1,0,0,297,2020-05-31
0,0,0,297,2020-06-01
5,0,15,287,2020-06-02
8,0,0,295,2020-06-03
3,1,0,297,2020-06-04
3,0,21,279,2020-06-05
1,0,0,280,2020-06-06
2,0,0,282,2020-06-07
0,1,0,281,2020-06-08
1,0,13,269,2020-06-09
3,0,0,272,2020-06-10
2,0,24,250,2020-06-11
2,1,0,251,2020-06-12
1,1,27,224,2020-06-13
0,0,0,224,2020-06-14
0,0,0,224,2020-06-15
1,0,30,195,2020-06-16
6,2,0,199,2020-06-17
4,0,28,175,2020-06-18
2,0,0,177,2020-06-19
1,0,0,178,2020-06-20
0,0,0,178,2020-06-21
0,0,0,178,2020-06-22
0,0,0,178,2020-06-23
0,0,0,178,2020-06-24
0,0,0,178,2020-06-25
1,0,29,150,2020-06-26
3,0,0,153,2020-06-27
1,0,0,154,2020-06-28
1,0,0,155,2020-06-29
1,0,42,114,2020-06-30
3,0,0,117,2020-07-01
1,0,14,104,2020-07-02
0,0,9,95,2020-07-03
1,0,3,93,2020-07-04
1,0,0,94,2020-07-05
3,0,0,97,2020-07-06
7,0,8,96,2020-07-07
7,0,0,103,2020-07-08
13,0,11,105,2020-07-09
11,0,0,116,2020-07-10
8,0,0,124,2020-07-11
0,0,0,124,2020-07-12
1,1,0,124,2020-07-13
0,0,3,121,2020-07-14
4,0,0,125,2020-07-15
1,0,0,126,2020-07-16
6,0,0,132,2020-07-17
4,0,0,136,2020-07-18
3,0,0,139,2020-07-19
0,0,0,139,2020-07-20
1,0,23,117,2020-07-21
4,0,0,121,2020-07-22
6,0,0,127,2020-07-23
2,0,0,129,2020-07-24
1,0,0,130,2020-07-25
13,0,0,143,2020-07-26
0,0,0,143,2020-07-27
1,0,7,137,2020-07-28
4,0,0,141,2020-07-29
4,0,0,145,2020-07-30
3,1,0,147,2020-07-31
7,0,0,154,2020-08-01
5,0,0,159,2020-08-02
3,0,0,162,2020-08-03
3,0,18,147,2020-08-04
8,0,0,155,2020-08-05
18,0,0,173,2020-08-06
6,0,0,179,2020-08-07
7,0,0,186,2020-08-08
2,0,0,188,2020-08-09
0,0,0,188,2020-08-10
3,0,8,183,2020-08-11
10,0,0,193,2020-08-12
4,0,0,197,2020-08-13
1,0,0,198,2020-08-14
7,0,0,205,2020-08-15
7,0,0,212,2020-08-16
1,0,0,213,2020-08-17
0,1,15,197,2020-08-18
3,0,0,200,2020-08-19
1,0,0,201,2020-08-20
3,0,0,204,2020-08-21
3,0,0,207,2020-08-22
4,0,0,211,2020-08-23
0,0,0,211,2020-08-24
5,0,42,174,2020-08-25
18,0,0,192,2020-08-26
6,1,28,169,2020-08-27
9,0,0,178,2020-08-28
6,0,0,184,2020-08-29
