Confirmed,Deaths,Recovered,Active,Date
0,0,0,0,2020-01-22
0,0,0,0,2020-01-23
0,0,0,0,2020-01-24
0,0,0,0,2020-01-25
0,0,0,0,2020-01-26
0,0,0,0,2020-01-27
0,0,0,0,2020-01-28
0,0,0,0,2020-01-29
0,0,0,0,2020-01-30
0,0,0,0,2020-01-31
0,0,0,0,2020-02-01
0,0,0,0,2020-02-02
0,0,0,0,2020-02-03
0,0,0,0,2020-02-04
0,0,0,0,2020-02-05
0,0,0,0,2020-02-06
0,0,0,0,2020-02-07
0,0,0,0,2020-02-08
0,0,0,0,2020-02-09
0,0,0,0,2020-02-10
0,0,0,0,2020-02-11
0,0,0,0,2020-02-12
0,0,0,0,2020-02-13
0,0,0,0,2020-02-14
0,0,0,0,2020-02-15
0,0,0,0,2020-02-16
0,0,0,0,2020-02-17
0,0,0,0,2020-02-18
0,0,0,0,2020-02-19
0,0,0,0,2020-02-20
0,0,0,0,2020-02-21
0,0,0,0,2020-02-22
0,0,0,0,2020-02-23
0,0,0,0,2020-02-24
0,0,0,0,2020-02-25
0,0,0,0,2020-02-26
0,0,0,0,2020-02-27
0,0,0,0,2020-02-28
0,0,0,0,2020-02-29
0,0,0,0,2020-03-01
0,0,0,0,2020-03-02
0,0,0,0,2020-03-03
0,0,0,0,2020-03-04
0,0,0,0,2020-03-05
0,0,0,0,2020-03-06
0,0,0,0,2020-03-07
4,0,0,4,2020-03-08
0,0,0,4,2020-03-09
2,0,0,6,2020-03-10
2,0,0,8,2020-03-11
0,0,0,8,2020-03-12
1,0,0,9,2020-03-13
1,0,0,10,2020-03-14
3,0,0,13,2020-03-15
0,0,0,13,2020-03-16
0,0,0,13,2020-03-17
0,0,0,13,2020-03-18
0,0,0,13,2020-03-19
0,0,0,13,2020-03-20
0,0,0,13,2020-03-21
0,0,0,13,2020-03-22
0,0,0,13,2020-03-23
0,0,5,8,2020-03-24
0,0,3,5,2020-03-25
0,0,0,5,2020-03-26
3,0,1,7,2020-03-27
0,0,0,7,2020-03-28
1,0,4,4,2020-03-29
0,0,0,4,2020-03-30
1,0,0,5,2020-03-31
1,0,0,6,2020-04-01
0,0,0,6,2020-04-02
0,0,0,6,2020-04-03
0,0,0,6,2020-04-04
0,0,0,6,2020-04-05
0,0,0,6,2020-04-06
0,0,0,6,2020-04-07
0,0,0,6,2020-04-08
0,0,0,6,2020-04-09
0,0,0,6,2020-04-10
0,0,0,6,2020-04-11
1,0,1,6,2020-04-12
0,0,0,6,2020-04-13
0,0,2,4,2020-04-14
2,0,0,6,2020-04-15
3,0,0,9,2020-04-16
3,0,0,12,2020-04-17
7,0,0,19,2020-04-18
17,0,0,36,2020-04-19
17,0,0,53,2020-04-20
14,0,0,67,2020-04-21
3,0,0,70,2020-04-22
22,0,0,92,2020-04-23
21,0,0,113,2020-04-24
48,0,1,160,2020-04-25
37,0,0,197,2020-04-26
12,0,0,209,2020-04-27
24,0,0,233,2020-04-28
28,1,0,260,2020-04-29
190,0,0,450,2020-04-30
23,0,0,473,2020-05-01
28,0,1,500,2020-05-02
8,0,0,508,2020-05-03
14,0,0,522,2020-05-04
32,1,2,551,2020-05-05
44,0,0,595,2020-05-06
31,1,0,625,2020-05-07
96,0,0,721,2020-05-08
46,0,9,758,2020-05-09
45,0,0,803,2020-05-10
62,0,0,865,2020-05-11
7,0,0,872,2020-05-12
51,1,11,911,2020-05-13
27,0,5,933,2020-05-14
49,0,4,978,2020-05-15
47,0,9,1016,2020-05-16
16,0,0,1032,2020-05-17
12,0,0,1044,2020-05-18
37,0,33,1048,2020-05-19
43,0,0,1091,2020-05-20
30,0,0,1121,2020-05-21
58,0,18,1161,2020-05-22
39,0,19,1181,2020-05-23
58,0,16,1223,2020-05-24
24,0,11,1236,2020-05-25
43,1,42,1236,2020-05-26
19,0,0,1255,2020-05-27
56,0,0,1311,2020-05-28
78,0,0,1389,2020-05-29
81,0,209,1261,2020-05-30
101,0,47,1315,2020-05-31
56,1,35,1335,2020-06-01
12,1,120,1226,2020-06-02
9,0,36,1199,2020-06-03
22,0,4,1217,2020-06-04
11,0,69,1159,2020-06-05
18,1,46,1130,2020-06-06
2,0,64,1068,2020-06-07
13,0,98,983,2020-06-08
26,0,85,924,2020-06-09
20,0,111,833,2020-06-10
14,0,32,815,2020-06-11
27,0,40,802,2020-06-12
10,0,24,788,2020-06-13
22,0,94,716,2020-06-14
30,0,229,517,2020-06-15
29,0,130,416,2020-06-16
26,0,7,435,2020-06-17
17,0,0,452,2020-06-18
13,0,92,373,2020-06-19
37,0,19,391,2020-06-20
16,0,15,392,2020-06-21
14,0,10,396,2020-06-22
21,0,0,417,2020-06-23
23,0,26,414,2020-06-24
16,0,9,421,2020-06-25
6,0,15,412,2020-06-26
22,0,12,422,2020-06-27
19,0,36,405,2020-06-28
13,0,16,402,2020-06-29
24,1,17,408,2020-06-30
21,0,10,419,2020-07-01
18,1,15,421,2020-07-02
10,0,7,424,2020-07-03
25,0,0,449,2020-07-04
33,1,73,408,2020-07-05
23,1,64,366,2020-07-06
10,0,45,331,2020-07-07
16,1,22,324,2020-07-08
36,0,47,313,2020-07-09
64,0,11,366,2020-07-10
47,0,30,383,2020-07-11
67,0,16,434,2020-07-12
31,0,6,459,2020-07-13
39,1,12,485,2020-07-14
30,0,19,496,2020-07-15
68,1,18,545,2020-07-16
14,0,1,558,2020-07-17
17,0,14,561,2020-07-18
36,0,8,589,2020-07-19
33,0,7,615,2020-07-20
45,0,28,632,2020-07-21
59,0,0,691,2020-07-22
17,0,31,677,2020-07-23
55,0,70,662,2020-07-24
77,0,0,739,2020-07-25
50,0,30,759,2020-07-26
67,0,19,807,2020-07-27
137,0,0,944,2020-07-28
61,0,7,998,2020-07-29
152,1,14,1135,2020-07-30
74,0,39,1170,2020-07-31
156,1,6,1319,2020-08-01
215,1,30,1503,2020-08-02
129,0,27,1605,2020-08-03
153,1,23,1734,2020-08-04
148,0,10,1872,2020-08-05
86,0,22,1936,2020-08-06
89,0,29,1996,2020-08-07
129,0,37,2088,2020-08-08
143,0,13,2218,2020-08-09
116,0,31,2303,2020-08-10
66,1,14,2354,2020-08-11
143,1,35,2461,2020-08-12
128,0,36,2553,2020-08-13
78,1,90,2540,2020-08-14
107,0,198,2449,2020-08-15
106,0,141,2414,2020-08-16
124,1,139,2398,2020-08-17
170,1,160,2407,2020-08-18
146,0,140,2413,2020-08-19
145,0,127,2431,2020-08-20
194,2,97,2526,2020-08-21
96,0,101,2521,2020-08-22
119,0,109,2531,2020-08-23
133,1,75,2588,2020-08-24
135,1,142,2580,2020-08-25
178,0,122,2636,2020-08-26
104,0,130,2610,2020-08-27
140,0,182,2568,2020-08-28
109,0,52,2625,2020-08-29
