Confirmed,Deaths,Recovered,Active,Date
0,0,0,0,2020-01-22
0,0,0,0,2020-01-23
0,0,0,0,2020-01-24
0,0,0,0,2020-01-25
0,0,0,0,2020-01-26
0,0,0,0,2020-01-27
0,0,0,0,2020-01-28
0,0,0,0,2020-01-29
0,0,0,0,2020-01-30
1,0,0,1,2020-01-31
0,0,0,1,2020-02-01
0,0,0,1,2020-02-02
0,0,0,1,2020-02-03
0,0,0,1,2020-02-04
0,0,0,1,2020-02-05
0,0,0,1,2020-02-06
0,0,0,1,2020-02-07
0,0,0,1,2020-02-08
0,0,0,1,2020-02-09
0,0,0,1,2020-02-10
0,0,0,1,2020-02-11
0,0,0,1,2020-02-12
0,0,0,1,2020-02-13
0,0,0,1,2020-02-14
0,0,0,1,2020-02-15
0,0,0,1,2020-02-16
0,0,0,1,2020-02-17
0,0,0,1,2020-02-18
0,0,0,1,2020-02-19
0,0,0,1,2020-02-20
0,0,0,1,2020-02-21
0,0,0,1,2020-02-22
0,0,0,1,2020-02-23
0,0,0,1,2020-02-24
0,0,0,1,2020-02-25
1,0,0,2,2020-02-26
1,0,0,3,2020-02-27
8,0,0,11,2020-02-28
3,0,0,14,2020-02-29
0,0,0,14,2020-03-01
5,0,0,19,2020-03-02
13,0,0,32,2020-03-03
30,0,0,62,2020-03-04
25,0,0,87,2020-03-05
59,0,0,146,2020-03-06
33,0,0,179,2020-03-07
46,0,0,225,2020-03-08
101,0,0,326,2020-03-09
98,1,0,423,2020-03-10
196,0,0,619,2020-03-11
151,1,0,769,2020-03-12
152,1,0,920,2020-03-13
71,2,0,989,2020-03-14
69,2,0,1056,2020-03-15
83,1,0,1138,2020-03-16
119,6,0,1251,2020-03-17
145,7,0,1389,2020-03-18
143,9,0,1523,2020-03-19
180,8,0,1695,2020-03-20
135,11,0,1819,2020-03-21
118,11,0,1926,2020-03-22
182,21,0,2087,2020-03-23
230,22,0,2295,2020-03-24
314,31,0,2578,2020-03-25
286,32,0,2832,2020-03-26
365,35,0,3162,2020-03-27
300,38,0,3424,2020-03-28
280,45,0,3659,2020-03-29
416,48,0,4027,2020-03-30
475,53,0,4449,2020-03-31
486,70,0,4865,2020-04-01
554,80,0,5339,2020-04-02
601,70,0,5870,2020-04-03
357,85,0,6142,2020-04-04
340,90,0,6392,2020-04-05
389,84,0,6697,2020-04-06
738,115,0,7320,2020-04-07
655,86,0,7889,2020-04-08
645,90,0,8444,2020-04-09
454,103,0,8795,2020-04-10
395,97,0,9093,2020-04-11
464,85,0,9472,2020-04-12
437,91,0,9818,2020-04-13
479,115,0,10182,2020-04-14
604,111,0,10675,2020-04-15
623,82,0,11216,2020-04-16
688,86,0,11818,2020-04-17
532,88,0,12262,2020-04-18
388,84,0,12566,2020-04-19
461,62,0,12965,2020-04-20
707,77,0,13595,2020-04-21
722,86,0,14231,2020-04-22
758,89,0,14900,2020-04-23
779,73,0,15606,2020-04-24
473,75,0,16004,2020-04-25
300,73,0,16231,2020-04-26
563,82,0,16712,2020-04-27
742,84,0,17370,2020-04-28
798,78,0,18090,2020-04-29
635,78,0,18647,2020-04-30
532,73,0,19106,2020-05-01
299,75,0,19330,2020-05-02
261,84,0,19507,2020-05-03
476,72,0,19911,2020-05-04
657,73,0,20495,2020-05-05
746,80,0,21161,2020-05-06
787,60,0,21888,2020-05-07
700,69,0,22519,2020-05-08
509,74,0,22954,2020-05-09
278,64,0,23168,2020-05-10
455,61,0,23562,2020-05-11
754,50,0,24266,2020-05-12
700,46,0,24920,2020-05-13
660,58,0,25522,2020-05-14
688,49,0,26161,2020-05-15
358,53,0,26466,2020-05-16
259,61,0,26664,2020-05-17
431,40,0,27055,2020-05-18
667,54,0,27668,2020-05-19
808,54,0,28422,2020-05-20
610,56,0,28976,2020-05-21
532,56,0,29452,2020-05-22
403,44,0,29811,2020-05-23
210,42,0,29979,2020-05-24
490,28,0,30441,2020-05-25
746,39,0,31148,2020-05-26
800,40,0,31908,2020-05-27
774,40,0,32642,2020-05-28
773,39,0,33376,2020-05-29
432,45,0,33763,2020-05-30
265,40,0,33988,2020-05-31
648,37,0,34599,2020-06-01
901,26,0,35474,2020-06-02
1046,45,0,36475,2020-06-03
1039,38,0,37476,2020-06-04
1146,31,0,38591,2020-06-05
783,33,0,39341,2020-06-06
462,38,0,39765,2020-06-07
677,33,0,40409,2020-06-08
936,40,0,41305,2020-06-09
1437,36,0,42706,2020-06-10
1294,30,0,43970,2020-06-11
1337,33,0,45274,2020-06-12
1042,27,0,46289,2020-06-13
418,31,0,46676,2020-06-14
684,28,0,47332,2020-06-15
1218,33,0,48517,2020-06-16
1457,29,0,49945,2020-06-17
1496,29,0,51412,2020-06-18
1213,29,0,52596,2020-06-19
702,21,0,53277,2020-06-20
321,21,0,53577,2020-06-21
800,25,0,54352,2020-06-22
1312,22,0,55642,2020-06-23
1698,24,0,57316,2020-06-24
1281,12,0,58585,2020-06-25
1203,14,0,59774,2020-06-26
760,22,0,60512,2020-06-27
420,18,0,60914,2020-06-28
727,20,0,61621,2020-06-29
805,17,0,62409,2020-06-30
684,15,0,63078,2020-07-01
689,8,0,63759,2020-07-02
699,15,0,64443,2020-07-03
370,9,0,64804,2020-07-04
315,16,0,65103,2020-07-05
251,12,0,65342,2020-07-06
278,11,0,65609,2020-07-07
537,15,0,66131,2020-07-08
335,14,0,66452,2020-07-09
377,11,0,66818,2020-07-10
314,9,0,67123,2020-07-11
106,14,0,67215,2020-07-12
170,8,0,67377,2020-07-13
315,6,0,67686,2020-07-14
299,8,0,67977,2020-07-15
273,8,0,68242,2020-07-16
299,11,0,68530,2020-07-17
200,10,0,68720,2020-07-18
110,7,0,68823,2020-07-19
131,7,0,68947,2020-07-20
226,7,0,69166,2020-07-21
297,6,0,69457,2020-07-22
220,4,0,69673,2020-07-23
262,1,0,69934,2020-07-24
138,2,0,70070,2020-07-25
42,6,0,70106,2020-07-26
71,4,0,70173,2020-07-27
283,1,0,70455,2020-07-28
301,0,0,70756,2020-07-29
302,3,0,71055,2020-07-30
258,3,0,71310,2020-07-31
303,1,0,71612,2020-08-01
38,5,0,71645,2020-08-02
165,2,0,71808,2020-08-03
334,1,0,72141,2020-08-04
425,5,0,72561,2020-08-05
378,3,0,72936,2020-08-06
380,2,0,73314,2020-08-07
260,4,0,73570,2020-08-08
73,2,0,73641,2020-08-09
196,4,0,73833,2020-08-10
417,3,0,74247,2020-08-11
444,5,0,74686,2020-08-12
362,0,0,75048,2020-08-13
344,1,0,75391,2020-08-14
226,0,0,75617,2020-08-15
63,2,0,75678,2020-08-16
174,6,0,75846,2020-08-17
314,1,0,76159,2020-08-18
351,1,0,76509,2020-08-19
333,1,0,76841,2020-08-20
298,1,0,77138,2020-08-21
160,0,0,77298,2020-08-22
57,0,0,77355,2020-08-23
182,0,0,77537,2020-08-24
225,0,0,77762,2020-08-25
246,0,0,78008,2020-08-26
134,4,0,78138,2020-08-27
0,1,0,78137,2020-08-28
